000000000000000
000000000000000
000000000000000
000010000010000
000101000101000
001000111000100
001000000000100
010022000220010
010000000000010
010000030000010
001000030000100
001000030000100
000100000001000
000010000010000
000001000100000
000000101000000
000000010000000
000000000000000
000000000000000

##Null Level
000000000000000
000000000000000
000000000000000
000000000000000
000000000000000
000000000000000
000000000000000
000000000000000
000000000000000
000000000000000
000000000000000
000000000000000
000000000000000
000000000000000
000000000000000
000000000000000
000000000000000
000000000000000
000000000000000

##Level 0
000000000000000
000000000000000
000000000000000
000000000000000
000000000000000
000000000000000
000000000000000
XXXXXXXXXXXXXXX
X0000000000000X
X0001002003000X
X0000000000000X
000000000000000
000000000000000
000000000000000
000000000000000
000000000000000
000000000000000
000000000000000
000000000000000

##Level 1
000000000000000
000000000000000
111110030011111
111110000011111
111000030000111
111110000011111
111110000011111
111110030011111
000000000000000
222222111222222
222222000222222
000000000000000
000000000000000
000000000000000
111110030011111
111110000011111
111000030000111
000000000000000
000000000000000

##Level 2
000000000000000
000000000000000
333330000033333
333330000033333
300000000000003
300022222220003
300011111110003
300022222220003
000011111110000
000022222220000
000011111110000
300022222220003
300000000000003
300000000000003
333330000033333
333330000033333
000000000000000
000000000000000
000000000000000

##Level 3
000000000000000
000000000000000
XXXXXXXXXXXXXXX
XXXXXXXXXXXXXXX
000000000000000
000000000000000
100000000000001
110002020200011
111100202001111
111111000111111
111111000111111
111111000111111
000000000000000
000000000000000
000000000000000
XXXXX00000XXXXX
000000000000000
000000000000000
000000000000000


##Level 4
000000000000000
000000000000000
000000000000000
111111111111111
000000000000000
111111111111111
000000000000000
000022000220000
000200222002000
000020000020000
000002000200000
000000202000000
000000020000000
000000000000000
111111111111111
000000000000000
111111111111111
000000000000000
000000000000000
